0.000360 0.000097
0.000360 0.000097
0.000360 0.000097
0.000360 0.000097
0.000360 0.000097
0.000360 0.000097
0.000360 0.000097
0.000720 0.000097
0.000720 0.000102
0.000720 0.000150
0.000720 0.000101
0.000720 0.000118
0.000720 0.000138
0.000720 0.000150
0.000720 0.000161
0.000720 0.000130
0.000720 0.000135
0.000720 0.000181
0.000720 0.000161
0.000720 0.000164
0.000720 0.000194
0.000720 0.000194
0.000720 0.000194
0.000720 0.000194
0.000720 0.000194
0.000720 0.000194
0.000720 0.000194
0.000720 0.000194
0.000720 0.000194
0.000720 0.000194
0.000720 0.000194
0.001440 0.000212
0.001440 0.000190
0.001440 0.000271
0.001440 0.000276
0.001440 0.000294
0.001440 0.000276
0.001440 0.000336
0.001440 0.000318
0.001440 0.000389
0.001440 0.000389
0.001440 0.000389
0.001440 0.000389
0.001440 0.000389
0.001440 0.000389
0.001440 0.000389
0.002880 0.000338
0.002880 0.000326
0.002880 0.000575
0.002880 0.000588
0.002880 0.000579
0.002880 0.000710
0.002880 0.000778
0.002880 0.000778
0.002880 0.000778
0.002880 0.000778
0.002880 0.000778
0.005760 0.000723
0.005760 0.000990
0.005760 0.001217
0.005760 0.001230
0.005760 0.001555
0.005760 0.001555
0.005760 0.001285
0.011520 0.001681
0.011520 0.001985
0.011520 0.002299
0.011520 0.003044
0.011520 0.003044
0.023040 0.001681
0.023040 0.003676
0.023040 0.005409
0.023040 0.005824
0.046080 0.007352
0.046080 0.011360
0.092160 0.008847
0.092160 0.020118
0.184320 0.025413
0.368640 0.022118
1.474560 0.017310
47.185920 2.548040
47.185920 2.548040
47.185920 2.548040
47.185920 2.548040
47.185920 2.548040
47.185920 2.548040
47.185920 2.548040
47.185920 2.548040
47.185920 2.548040
47.185920 2.548040
47.185920 2.548040
47.185920 2.548040
47.185920 2.548040
47.185920 2.548040
47.185920 2.548040
47.185920 2.548040
47.185920 2.548040
47.185920 2.548040
47.185920 2.548040
47.185920 2.548040
47.185920 2.548040
